200010   2638
200009	 2695
199997	 2688
199997	 2812
199951	 10725
199998	 2948
199998	 3016
199998	 3146
199998	 2773
200002	 2685
199983	 2777
199998	 2769
199998	 3041
200000	 2964
199986	 2913
199973	 2977
199998	 3059
199998	 2977
199998	 3036
199991	 2905
199989	 3096
199998	 3130
199998	 3006
199998	 2946
199989	 3019
199999	 3131
199999	 3283
199998	 3137
199998	 2906
199998	 2820
199998	 2663
199998	 2927
199995	 2852
199999	 2666
199999	 8374
199999	 3194
200010	 2916
199987	 26010
199998	 2960
199998	 2835
199983	 2803
199998	 2756
199998	 2735
199999	 2638
199996	 2809
199998	 3142
200001	 4986
199996	 2653
200001	 2639
200002	 2791
199959	 2497
199998	 2712
199998	 2707
199998	 2637
199998	 3005
199998	 3770
199998	 2393
199998	 3575
199998	 2598
199998	 2753
199994	 2614
199994	 2688
199998	 2646
199998	 2914
199998	 2806
199998	 3003
199998	 2622
199998	 2646
199999	 2598
199986	 2671
199999	 2895
200000	 2749
199998	 3006
200001	 2729
199996	 2568
199995	 2774
199990	 2720
199999	 2697
199992	 2791
199998	 2814
199999	 2698
199999	 2561
199998	 2825
199999	 3136
199998	 4134
199999	 4215
199998	 3799
199999	 16110
199999	 4077
199998	 2788
199998	 2812
199998	 2769
199998	 2784
199998	 2494
199997	 2454
199998	 2634
199998	 2586
199998	 3056
199998	 2809
199998	 2806
199997	 2808
199992	 2707
199979	 2630
199998	 2591
199998	 2822
199998	 2666
199997	 2742
199998	 2996
199999	 2709
199995	 2641
199998	 2526
199999	 9009
199995	 3179
199998	 3247
199995	 2903
199980	 2563
199997	 2995
199996	 2864
199998	 3018
199998	 3106
199998	 2559
200007	 2858
199998	 2895
199998	 3078
199998	 3183
199998	 12965
199998	 2905
199998	 2627
199998	 3008
199998	 2785
199998	 2857
199998	 2593
199998	 2886
199998	 3134
200008	 3103
199984	 2682
199998	 2868
199998	 2776
199998	 2771
199998	 2963
199998	 3059
199998	 2999
199998	 3113
200001	 3064
199980	 3089
199998	 3758
200003	 2830
199985	 2872
199992	 3895
199983	 3067
199998	 3211
199998	 3082
199998	 2783
199998	 2930
199998	 2951
199999	 3060
199987	 3016
199998	 3051
199998	 2952
199998	 2931
200004	 2789
199992	 2786
199997	 2863
199998	 2889
199998	 2937
199998	 2732
200008	 2733
199977	 2707
199982	 2656
199997	 2666
199998	 2677
199996	 2946
199998	 2842
199998	 2815
199998	 3110
199998	 2840
199998	 2156
199998	 2170
199998	 2172
199998	 2129
199998	 2139
199998	 2138
199998	 2120
199998	 2131
199998	 2143
199998	 2187
199998	 2190
199998	 7933
199998	 2197
199995	 2243
199998	 2277
199998	 2137
199998	 2183
199998	 2285
199998	 6051
199998	 2202
199998	 2247
199998	 2190
199998	 2200
199998	 2247
199986	 2260
199980	 2193
199992	 2299
199998	 2178
199998	 2258
199998	 2198
199998	 2177
199998	 2169
199998	 2187
199998	 2227
199998	 2221
199998	 2171
199998	 2189
199998	 2263
199998	 2198
199998	 2248
199998	 2239
199998	 2246
199998	 2209
199998	 2200
199998	 2223
199998	 2245
199995	 2217
199998	 2167
199998	 2278
199998	 2276
199998	 2228
199998	 2258
199998	 2228
199998	 2196
199998	 2285
199998	 2253
199998	 2228
199998	 2735
199998	 2722
199998	 2247
199998	 2270
199998	 2204
199998	 2227
199998	 2227
199998	 2205
199998	 2289
199998	 2203
199998	 2211
199998	 2240
199998	 2270
199998	 2229
199998	 2246
199998	 2859
199998	 2316
199998	 2215
199998	 2451
199998	 2720
199998	 2359
199998	 2206
199998	 2216
199998	 2205
199998	 2317
199998	 2216
199998	 2230
199998	 2310
199998	 2293
199998	 2257
199998	 2229
199997	 2225
199998	 2214
199998	 2218
199998	 2205
199998	 2194
199998	 2341
199998	 2186
199998	 2238
199998	 2208
199998	 2336
199998	 2195
199998	 2259
199998	 2183
199998	 35018
199989	 2683
199998	 2389
199998	 3223
199998	 12804
199998	 2335
199998	 2249
200001	 2237
200004	 2202
199998	 2220
199998	 2278
199999	 2152
199997	 2113
199998	 2115
199998	 2095
199998	 2133
199997	 2140
199998	 2137
199998	 2204
199998	 8852
199998	 2182
199998	 2132
199998	 2144
199998	 2105
199998	 2090
199997	 2213
199998	 2179
199998	 4017
199998	 2243
199998	 2149
199998	 2116
199998	 2154
199998	 2218
199998	 2189
199998	 2321
199998	 2208
199998	 2172
199998	 2211
199998	 2192
199998	 2215
199998	 27193
199998	 2228
199998	 2209
199998	 2136
199998	 2203
199998	 2239
199998	 2224
199998	 2230
199998	 2262
199998	 2170
199998	 2214
199998	 2194
199998	 2354
199998	 2180
199998	 2356
199998	 2370
199998	 2246
199998	 2320
199998	 2240
199998	 2184
199998	 2460
199998	 2389
199998	 2300
199998	 2318
199998	 2175
199998	 2243
199998	 10976
199998	 2478
199998	 2273
199998	 2244
199999	 2314
199998	 2296
199998	 2468
199998	 2319
199998	 2573
199998	 2703
199998	 2278
199998	 2293
199998	 2424
199998	 2402
199998	 2395
199998	 8743
199998	 18265
199998	 19267
199998	 2470
199998	 2383
199998	 2271
199998	 2477
199999	 2317
199998	 2430
199998	 2561
199998	 2121
199998	 2579
199998	 2420
199998	 2443
199999	 2459
199998	 2364
199998	 2576
199998	 2413
199998	 2594
199998	 2507
199998	 15023
199997	 2477
199998	 2330
199998	 2554
199998	 3463
199998	 2774
199998	 2839
199994	 2836
199998	 2875
199998	 2870
199998	 2599
199998	 2798
199998	 2841
199998	 2767
199998	 6176
199998	 4681
199999	 36911
199998	 21499
199998	 6863
199998	 6686
199996	 4295
199998	 4299
199998	 2678
199998	 2394
199998	 2496
199998	 2475
199998	 2574
199998	 2462
199998	 2579
199998	 2437
199998	 2694
199998	 2505
199998	 2531
199998	 36928
199998	 2502
199998	 2528
199998	 2497
199998	 2428
199998	 2336
199998	 2402
199998	 2353
199998	 2330
199998	 2465
199998	 2386
199998	 2316
199999	 2403
199998	 2276
199998	 2388
199998	 2221
199998	 2253
199998	 2234
199997	 2232
199999	 2273
199998	 2340
199998	 2290
199998	 2224
199998	 2194
199998	 2223
199998	 2114
199998	 2221
199998	 2194
199998	 2243
199998	 2145
199999	 2241
199989	 2412
199998	 14036
199998	 3866
199999	 2164
199998	 2247
199998	 2215
200005	 2251
200001	 2336
199998	 2336
199998	 2277
199998	 2295
199995	 2391
199999	 2400
199998	 2271
199998	 2326
199998	 2256
199998	 2235
199998	 2148
199998	 2306
199998	 2201
199998	 2208
199998	 2146
199998	 2280
199998	 2150
199998	 2128
199998	 2153
199998	 2294
199998	 2197
199998	 2443
199998	 2504
199999	 2327
199998	 2320
199999	 2831
199998	 2399
199998	 2207
199998	 2325
199998	 2340
199998	 2316
199998	 2314
199997	 2253
199999	 2291
199998	 2478
199996	 2339
199998	 17670
199993	 2267
199998	 2539
199998	 2346
199998	 2171
199999	 2413
199998	 2454
199998	 2386
199998	 2385
199998	 2489
199998	 2451
199998	 2413
199999	 2457
199998	 2404
199999	 2416
199998	 2454
199998	 2295
199998	 2318
199998	 2509
199998	 2394
199998	 2608
199998	 2373
199998	 10752
199999	 2298
199998	 2467
199998	 2463
199999	 2369
199998	 2436
199998	 2506
199998	 8368
199998	 2434
199998	 16805
199998	 2343
199998	 2417
199998	 2412
199998	 5509
199998	 2431
199998	 2357
199999	 2427
199998	 2504
199999	 2344
199998	 2293
199999	 2275
199998	 2452
199998	 2452
199998	 2426
199998	 2492
199998	 2317
199998	 2506
199998	 2499
199998	 2417
199998	 2431
199998	 2590
199998	 2419
199998	 2372
199994	 2435
199998	 2368
199998	 2570
199998	 2424
199998	 2425
199998	 2421
199998	 2663
199998	 2401
199998	 2463
199998	 2572
199998	 2379
199994	 2515
199998	 2449
199998	 2372
199998	 2292
199998	 2544
199998	 2411
199998	 2575
199998	 2632
199998	 2330
199998	 2400
199998	 2564
199998	 2443
199998	 2431
199998	 2287
199998	 2358
199998	 2558
199998	 2446
199998	 2473
199998	 2524
199997	 2441
199998	 2453
199998	 2290
199998	 2569
199998	 2372
199998	 2547
199998	 2426
199998	 2586
199998	 2589
199998	 2517
199998	 2490
199998	 2446
199998	 2531
199998	 2450
199997	 2376
199998	 2609
199998	 2282
199998	 2605
199998	 2736
199997	 2653
199998	 8224
199998	 2397
199998	 2575
199998	 2587
199998	 2507
199998	 2403
199998	 2506
199998	 2483
199998	 2350
199998	 2484
199997	 2345
199998	 2411
199999	 2608
199997	 2476
199998	 2536
199993	 2361
199994	 2520
199994	 2512
199998	 2409
199998	 2456
199998	 2370
199998	 2434
200007	 2420
199998	 2440
199998	 2369
199998	 2488
199998	 2528
199998	 2479
199997	 2638
199998	 2539
199998	 2402
199998	 2474
199998	 2720
199998	 2305
199998	 2504
199998	 2320
199998	 2422
199998	 2382
199998	 2372
199999	 2231
199996	 2495
199998	 2490
199986	 2478
199998	 2520
199998	 2521
199998	 2353
199998	 2399
199998	 2399
199998	 2283
199998	 2451
199998	 2468
199998	 2427
199998	 2397
199998	 2397
199998	 2389
199998	 2444
199999	 2382
199998	 2570
199998	 2381
199998	 2319
199998	 2309
199998	 2552
199998	 2408
199998	 2478
199998	 2510
199999	 2363
199998	 2338
199998	 2431
199999	 2356
199998	 2418
199998	 2284
199999	 2420
199998	 2612
199998	 2256
199998	 2312
199998	 2313
199998	 16342
199998	 2259
199998	 2312
199998	 2394
199999	 2431
199998	 2588
199998	 2307
199998	 2535
199998	 2438
199998	 2386
199998	 2442
199998	 2548
199998	 2400
199993	 2268
199998	 2325
199998	 2336
199998	 2329
199998	 2452
199998	 2465
199998	 2553
199998	 2458
199998	 2379
199998	 2445
199998	 2306
199998	 2434
199998	 2418
199999	 2959
199998	 2393
199998	 2569
199998	 2399
199998	 2410
199998	 2527
199998	 2350
199998	 2410
199998	 2389
199998	 2406
199998	 2438
199998	 2568
199999	 2364
199998	 2437
199998	 2429
199998	 2463
199994	 2513
199998	 2435
199998	 2396
199998	 2384
199998	 2385
199998	 2391
199998	 2736
199998	 2491
199998	 2384
199998	 2338
199998	 2521
199998	 2281
199998	 2511
199998	 2447
199998	 2534
199998	 2392
199998	 2478
199998	 2394
199998	 2531
199998	 2356
199998	 2409
199998	 2388
199998	 2434
199998	 2365
199998	 2372
199998	 2463
199998	 2479
199998	 2470
199998	 2403
199998	 2431
199998	 2389
199998	 2421
199998	 2622
200000	 2360
199996	 2327
199998	 2654
199998	 2408
199998	 2295
199998	 2689
199998	 2362
199998	 2367
199998	 2523
199999	 2346
199998	 2350
199998	 2529
199998	 2534
199998	 2469
199998	 2650
199998	 2380
199998	 2520
199998	 2273
199998	 2419
199998	 2418
199993	 2232
199998	 2266
199998	 2361
199998	 34131
199998	 2578
199998	 2451
199998	 2263
199998	 2485
199989	 2663
199998	 2514
199998	 2462
199998	 2315
199998	 2361
199998	 2587
199998	 2520
200007	 2524
199998	 2338
199998	 2539
199998	 2534
199999	 2533
199998	 2513
199998	 2439
199998	 2413
199998	 2434
199998	 2651
199998	 8059
199998	 3080
199998	 3163
199998	 3414
199998	 4753
199998	 6910
199998	 4380
199998	 2875
199998	 2945
199998	 2932
199998	 2768
199998	 2766
199998	 2759
199998	 2302
199998	 2323
199998	 2287
199998	 2458
199998	 2191
199998	 2234
199998	 2327
199998	 2495
199998	 2327
199998	 2237
199998	 2403
199998	 2281
199998	 2295
199993	 2460
199998	 2305
199998	 2362
199998	 3557
199998	 2329
199998	 2331
199998	 2353
199998	 2426
199998	 2271
199998	 2271
199994	 2348
199998	 2240
199998	 2320
199998	 2389
199998	 2256
199999	 2317
199998	 2400
199998	 2364
199998	 2206
199998	 2316
199998	 2337
199998	 2299
199998	 2223
199998	 2304
199998	 2265
199998	 2308
199998	 2166
199998	 2134
199998	 2346
199998	 2197
199998	 2148
199998	 2115
199998	 2146
199997	 2361
199998	 15014
199998	 2249
199998	 2202
199998	 2135
199998	 2147
199998	 2121
199998	 2170
199998	 2165
199998	 2159
199998	 2152
199998	 2150
199998	 2229
199998	 2127
199998	 2138
199998	 2141
199998	 2158
199998	 2131
199998	 2227
199998	 2179
199998	 2194
199998	 2225
199998	 2217
199998	 2141
199998	 2248
199998	 2226
199998	 2128
199998	 2180
199998	 2152
199998	 2173
199998	 2188
199998	 2106
199998	 2123
199998	 2121
199998	 2130
199998	 2159
199998	 2197
199998	 2193
199998	 2214
199998	 2164
199998	 2199
199998	 4479
199998	 2230
199998	 2177
199998	 2300
199998	 2151
199994	 2154
199998	 2217
199998	 2271
199998	 2236
199998	 2258
199998	 2269
199997	 2333
199998	 2248
199998	 2207
199998	 5226
199998	 2333
199998	 2418
199998	 2425
199994	 2257
199999	 2265
199998	 2252
199998	 2346
199998	 2371
199998	 2381
199998	 2202
199998	 2167
199998	 2354
199998	 11084
199998	 2250
199998	 2298
199998	 2275
199998	 2281
199998	 2284
199999	 2299
199999	 2208
199998	 2263
199998	 2228
199998	 2293
199998	 2378
199998	 2262
199998	 2225
199998	 2347
199998	 2252
199999	 2304
199998	 2225
199998	 2209
199998	 2328
199990	 2279
199998	 2296
199998	 2216
199998	 2257
199999	 2241
199998	 2347
199998	 2363
200007	 2215
199998	 2228
199999	 12325
199998	 2362
199998	 2367
199998	 2309
199998	 2226
199998	 2200
199998	 19704
199998	 2309
199999	 2395
199998	 2269
199998	 2339
199998	 2327
199998	 2299
199998	 2306
199999	 2291
199998	 2251
199998	 2434
199998	 34154
